0.448325 0.398051 0.562334 largeDoses
0.158733 0.341955 0.987244 smallDoses
0.285429 0.0689252 0.474496 didntLike
0.823201 0.62848 0.252489 didntLike
0.420102 0.0798203 0.0785783 didntLike
0.799722 0.484802 0.608961 didntLike
0.393851 0.32653 0.715335 largeDoses
0.467455 0.634645 0.320312 largeDoses
0.739507 0.412612 0.441536 didntLike
0.388757 0.58669 0.88936 largeDoses
0.550459 0.177993 0.490309 didntLike
0.69325 0.400867 0.984636 didntLike
0.0610148 0.233059 0.429367 smallDoses
0.559333 0.223721 0.368321 didntLike
0.847699 0.73136 0.194879 didntLike
0.478488 0.0903212 0.112212 didntLike
0.672313 0.359321 0.748369 didntLike
0.763347 0.680671 0.153555 didntLike
0.171672 0 0.737168 smallDoses
0.312119 0.503293 0.769428 largeDoses
0.0710725 0.169234 0.484741 smallDoses
0.413134 0.143004 0.491491 didntLike
0.247828 0.253252 0.376041 smallDoses
0.31534 0.315201 0.109748 largeDoses
0.216263 0.134649 0.994506 smallDoses
0.403055 0.595538 0.382717 largeDoses
0.0628992 0 0.976924 smallDoses
0.312984 0.476528 0.430886 largeDoses
0.0745894 0.0652429 0.377102 smallDoses
0.455896 0.0110163 0.679218 didntLike
0.401663 0.567197 0.520346 largeDoses
0.477743 0.00575831 0.797266 didntLike
0.168286 0.408483 0.79043 largeDoses
0.698958 0.279963 0.0937522 didntLike
0.117702 0.462042 0.458857 smallDoses
0.775783 0.467451 0.639148 didntLike
0.788963 0.235809 0.372335 didntLike
0.0647946 0.105942 0.345817 smallDoses
0.16271 0.683847 0.372507 largeDoses
0.367611 0.601925 0.404533 largeDoses
0.492501 0.163707 0.592169 didntLike
0.196487 0 0.0864143 smallDoses
0.303901 0.407939 0.120499 largeDoses
0.320905 0.469877 0.14015 largeDoses
0.463774 0.549357 0.154833 largeDoses
0.399121 0.170702 0.490508 didntLike
0.434115 0.0846694 0.121849 didntLike
0.355023 0.167975 0.584703 didntLike
0.298752 0.210244 0.57477 didntLike
0.0600068 0.204443 0.69272 smallDoses
0.156169 0.284235 0.952033 smallDoses
0.751734 0.659627 0.426839 didntLike
0.455107 0.496841 0.981236 largeDoses
0.0867398 0.14377 0.174783 smallDoses
0.233705 0.0493294 0.286254 smallDoses
0.0913523 0.22712 0.0374991 smallDoses
0.056709 0.1765 0.976154 smallDoses
0.20798 0.499446 0.157284 largeDoses
0.754188 0.506028 0.19382 didntLike
0.147229 0.0766994 0.0400788 smallDoses
0.535197 0.17589 0.566768 didntLike
0.134596 0.181418 0.410502 smallDoses
0.0857428 0.121031 0.97855 smallDoses
0.0609709 0.465279 0.576377 smallDoses
0.113352 0.291265 0.833731 smallDoses
0.019973 0.3687 0.621928 smallDoses
0.106757 0.548314 0.448136 largeDoses
0.184688 0.137984 0.550804 smallDoses
0.430971 0.480626 0.671165 largeDoses
0.714669 0.47671 0.519795 didntLike
0.026985 0.111657 0.805607 smallDoses
0.299683 0.543762 0.901502 largeDoses
0.177391 0 0.35675 smallDoses
0.1343 0.197271 0.210312 smallDoses
0.464288 0.30209 0.624097 didntLike
0.280554 0.414952 0.050638 largeDoses
0.848553 0.710175 0.666131 didntLike
0.643476 0.117321 0.130565 didntLike
0.50865 0.348586 0.323102 largeDoses
0.358134 0.418041 0.505319 largeDoses
0.710944 0.410099 0.402448 didntLike
0.0937188 0.119856 0.5123 smallDoses
0.316205 0.54569 0.887833 largeDoses
0.460706 0.231295 0.991368 didntLike
0.352711 0.494256 0.343782 largeDoses
0.710999 0.314242 0.678885 didntLike
0.0258017 0.3126 0.272025 smallDoses
0 0.105604 0.426362 smallDoses
0.771378 0.535216 0.492911 didntLike
0.628872 0.202186 0.0750118 didntLike
0.457222 0.454409 0.00242982 largeDoses
0.125218 0.413623 0.795449 largeDoses
0.824669 0.817478 0.288933 didntLike
0.0598096 0.376295 0.422877 smallDoses
0.805496 0.394952 0.802952 didntLike
0.441302 0.430971 0.978185 largeDoses
0.235995 0.440518 0.475463 largeDoses
0.193858 0.304742 0.0191943 smallDoses
0.24464 0.10813 0.602595 didntLike
0.510228 0.271381 0.418041 didntLike
0.464573 0.539836 0.122064 largeDoses
0.368718 0.315021 0.797918 didntLike
0.100479 0.225244 0.113914 smallDoses
0.308109 0.419138 0.653276 largeDoses
0.37355 0.549851 0.32103 largeDoses
0.0194362 0.223851 0.340515 smallDoses
0.439681 0.594979 0.176821 largeDoses
0.15332 0.617055 0.977694 largeDoses
0.844324 0.602366 0.574477 didntLike
0.122818 0.187838 0.0143476 smallDoses
0.0670735 0.466148 0.696955 largeDoses
0.168078 0.1455 0.523508 smallDoses
0.486157 0.209926 0.475663 didntLike
0.311746 0.559065 0.400068 largeDoses
0.698684 0.376672 0.0903627 didntLike
0.100983 0.268324 0.550341 smallDoses
0.756807 0.436924 0.501749 didntLike
0.268305 0.203574 0.121424 didntLike
0.184841 0.32505 0.720044 smallDoses
0.435792 0.418405 0.285218 largeDoses
0.0646522 0.0536839 0.695953 smallDoses
0.449059 0.517858 0.935025 largeDoses
0.081941 0.145875 0.0151237 smallDoses
0.424748 0.253756 0.0174266 largeDoses
0.0540467 0.0880425 0.0159016 smallDoses
0.354004 0.108129 0.946933 didntLike
0.290349 0.553253 0.625717 largeDoses
0.410121 0.384274 0.639034 largeDoses
0.257502 0.513114 0.0605296 largeDoses
0.751668 0.461865 0.206341 didntLike
0.303945 0.430503 0.323178 largeDoses
0.123837 0 0.317509 smallDoses
0 0.275206 0.626323 smallDoses
0.358584 0.438095 0.958125 largeDoses
0.269729 0.0630201 0.846978 didntLike
0.464694 0.672851 0.410053 largeDoses
0.221424 0.483168 0.771525 largeDoses
0.364018 0.380523 0.719212 largeDoses
0.596924 0.301983 0.0100646 didntLike
0.202415 0.605382 0.350868 largeDoses
0.371698 0.138945 0.342608 didntLike
0.480591 0.114164 0.538718 didntLike
0.290853 0.287986 0.286278 largeDoses
0.486497 0.345458 0.740204 largeDoses
0.182683 0.200006 0.751985 smallDoses
0.0889967 0.566471 0.646748 largeDoses
0.468342 0.557465 0.688625 largeDoses
0.614136 0.170893 0.291266 didntLike
0.119784 0 0.0627487 smallDoses
0.198536 0.379441 0.533324 largeDoses
0.123498 0.160857 0.597824 smallDoses
0.178552 0 0.216208 smallDoses
0.308613 0.662577 0.762597 largeDoses
0.448796 0.492688 0.714392 largeDoses
0.347145 0.345518 0.395142 largeDoses
0.604385 0.21553 0.610871 didntLike
0.192773 0.0175114 0.095904 smallDoses
0.0204003 0.157722 0.338768 smallDoses
0.625453 0.0274046 0.358105 didntLike
0.691135 0.439007 0.00656531 didntLike
0.561097 0.374899 0.625298 largeDoses
0.0710725 0.227109 0.328787 smallDoses
0.0526443 0.5468 0.917855 largeDoses
0.331993 0.39404 0.661968 largeDoses
0.752468 0.379984 0.159771 didntLike
0.19273 0.376469 0.133342 smallDoses
0.815038 0.457428 0.214653 didntLike
0.407755 0.370475 0.512251 largeDoses
0.469076 0 0.893633 didntLike
0.161472 0.162339 0.373487 smallDoses
0.217983 0.569621 0.0142461 largeDoses
0.160759 0.0220254 0.406307 smallDoses
0.350717 0.62562 0.280251 largeDoses
0.64352 0.219367 0.986475 didntLike
0.599783 0.401409 0.904735 didntLike
0.323009 0.265915 0.996383 didntLike
0.303463 0.521295 0.364701 largeDoses
0.125371 0.0626903 0.689777 smallDoses
0.614826 0.508963 0.57779 largeDoses
0.432921 0 0.283742 didntLike
0.291729 0.406467 0.489686 largeDoses
0.18105 0.020884 0.822822 smallDoses
0.266979 0.292928 0.649816 didntLike
0.242788 0.579009 0.211598 largeDoses
0.0660655 0.0604688 0.673071 smallDoses
0.0708643 0.290046 0.782532 smallDoses
0.251389 0.382945 0.991815 largeDoses
0.202908 0.181224 0.178779 smallDoses
0.382523 0.56279 0.744508 largeDoses
0.0670625 0.398654 0.851177 smallDoses
0.417024 0.122523 0.863368 didntLike
0.256483 0.284627 0.562233 didntLike
0.384265 0.444009 0.452183 largeDoses
0.579733 0.190101 0.614953 didntLike
0.184074 0.410396 0.858466 largeDoses
0.104445 0.0608024 0.46941 smallDoses
0.183198 0 0.142604 smallDoses
0.0638962 0 0.052287 smallDoses
0.488545 0.550748 0.176883 largeDoses
0.111128 0.0544686 0.244468 smallDoses
0.236751 0.272432 0.820803 smallDoses
0.260942 0.117087 0.779883 didntLike
0.171354 0 0.724299 smallDoses
0.096929 0.151456 0.031184 smallDoses
0.558095 0.498515 0.664027 largeDoses
0.31248 0.140687 0.853218 didntLike
0.360468 0.499124 0.574923 largeDoses
0.469471 0.596518 0.96058 largeDoses
0.147897 0.279975 0.214079 smallDoses
0.442026 0.118379 0.0560205 didntLike
0.477107 0.0873181 0.478234 didntLike
0.775235 0.20672 0.19304 didntLike
0.216712 0.0657805 0.694777 smallDoses
0.487373 0.255384 0.232165 didntLike
0.596693 0.565769 0.408499 largeDoses
0.220054 0.593885 0.839908 largeDoses
0.463346 0.581341 0.0412988 largeDoses
0.520965 0.389513 0.97266 largeDoses
0.130794 0.073189 0.913973 smallDoses
0.445904 0.153012 0.182088 didntLike
0.776878 0.42366 0.312419 didntLike
0.810634 0.304529 0.217306 didntLike
0.130071 0.118017 0.0849311 smallDoses
0.530968 0.52842 0.0828348 largeDoses
0.175156 0.0973778 0.421449 smallDoses
0.767324 0.638836 0.323907 didntLike
0.361191 0.489936 0.113069 largeDoses
0.692965 0.500219 0.984803 didntLike
0.468868 0.450519 0.00741814 largeDoses
0.158415 0.213147 0.157752 smallDoses
0.218827 0 0.339255 smallDoses
0.060193 0.46302 0.607103 largeDoses
0.743944 0.652477 0.620566 didntLike
0.280707 0.630094 0.160449 largeDoses
0.301787 0.185353 0.236339 didntLike
0.642643 0.0675906 0.265719 didntLike
0.0802757 0.203113 0.843441 smallDoses
0.707274 0.419668 0.49859 didntLike
0.0985834 0.19868 0.0566308 smallDoses
0.128757 0.26674 0.0928049 smallDoses
0.836162 0.718973 0.806051 didntLike
0.303102 0.611581 0.770891 largeDoses
0.73863 0.155592 0.394479 didntLike
0.238932 0.512712 0.346698 largeDoses
0.167914 0.394681 0.451341 smallDoses
0.219747 0.384041 0.954582 largeDoses
0.869271 0.511609 0.120185 didntLike
0.17131 0.242025 0.667744 smallDoses
0.390061 0.514944 0.393992 largeDoses
0.312732 0.0904595 0.493326 didntLike
0.631764 0.0487571 0.219058 didntLike
0.862544 0.743142 0.430006 didntLike
0.747812 0.556337 0.24078 didntLike
0.163948 0.163862 0.575119 smallDoses
0.239227 0.537597 0.870198 largeDoses
0.0820286 0 0.380019 smallDoses
0.0953184 0 0.839763 smallDoses
0.287336 0.394016 0.164022 largeDoses
0.721999 0.415886 0.0594035 didntLike
0.071686 0.0388322 0.152965 smallDoses
0.510074 0.117032 0.693874 didntLike
0.778302 0.632433 0.362963 didntLike
0.522137 0.0112878 0.200479 didntLike
0.21474 0.533278 0.19711 largeDoses
0.410001 0.527246 0.297819 largeDoses
0.0149332 0.138684 0.971149 smallDoses
0.290721 0.187606 0.673979 didntLike
0.522685 0.120692 0.762348 didntLike
0.416936 0.168623 0.854601 didntLike
0.0688703 0.161778 0.524157 smallDoses
0.117746 0 0.653011 smallDoses
0.491745 0.568798 0.239196 largeDoses
0.622561 0.168738 0.811331 didntLike
0.74596 0.54699 0.410634 didntLike
0.769581 0.492756 0.248805 didntLike
0.124999 0.40826 0.428608 smallDoses
0.741413 0.342121 0.997737 didntLike
0.670932 0.0344502 0.49955 didntLike
0.194734 0.0109662 0.612294 smallDoses
0.584795 0.162497 0.0450583 didntLike
0.338873 0.294332 0.341708 didntLike
0.317586 0.0592608 0.42425 didntLike
0.149606 0.288578 0.00908425 smallDoses
0.07918 0.251378 0.550394 smallDoses
0.442727 0.592418 0.926677 largeDoses
0.149058 0.460225 0.551645 smallDoses
0.289242 0.532065 0.352023 largeDoses
0.147809 0.422699 0.205748 largeDoses
0.331226 0.511011 0.85899 largeDoses
0.473886 0.273179 0.987761 largeDoses
0.60846 0.145918 0.7877 didntLike
0.0964907 0 0.0341539 smallDoses
0.282482 0.475412 0.759458 largeDoses
0.249932 0.13001 0.673405 didntLike
0.852673 0.533193 0.948635 didntLike
0.418218 0.12849 0.389339 didntLike
0.347047 0.479836 0.567228 largeDoses
0.811171 0.59298 0.65566 didntLike
0.490156 0.48937 0.373159 largeDoses
0.190746 0.226842 0.390332 smallDoses
0.0623185 0.221778 0.925585 smallDoses
0.401455 0.150545 0.376846 didntLike
0.328202 0.640884 0.966759 largeDoses
0.661203 0.290098 0.51942 didntLike
0.260296 0.453027 0.529902 largeDoses
0.282449 0.186317 0.329944 smallDoses
0.124265 0.261175 0.709719 smallDoses
0.395615 0.16106 0.928897 didntLike
0.156585 0.250226 0.48679 smallDoses
0.122271 0 0.425537 smallDoses
0.26034 0.620434 0.296815 largeDoses
0.433502 0.257014 0.328336 didntLike
0.280992 0.64667 0.935796 largeDoses
0.162304 0.105017 0.462375 smallDoses
0.806263 0.511094 0.0037495 didntLike
0.385514 0.0793161 0.263173 didntLike
0.54188 0.400092 0.386896 largeDoses
0.346839 0.628949 0.0838617 largeDoses
0.0685745 0.391966 0.535513 smallDoses
0.362659 0.212323 0.258637 largeDoses
0.296988 0.470688 0.379711 largeDoses
0.195282 0.000934063 0.576496 smallDoses
0.476987 0.394552 0.441195 largeDoses
0.741786 0.288662 0.8903 didntLike
0.386566 0.291194 0.999483 largeDoses
0.781261 0.429594 0.722402 didntLike
0.340232 0.550135 0.957966 largeDoses
0.573959 0.421033 0.42067 largeDoses
0.441839 0 0.481314 didntLike
0.381756 0.424927 0.982233 largeDoses
0.127168 0.151922 0.319646 smallDoses
0.704546 0.335278 0.081891 didntLike
0.358496 0.459145 0.0378302 largeDoses
0.363415 0.0588231 0.785262 didntLike
0.407481 0.49776 0.525063 largeDoses
0.143405 0 0.334052 smallDoses
0.728485 0.463685 0.0713278 didntLike
0.174652 0 0.0354322 smallDoses
0.0468046 0.212975 0.15993 smallDoses
0.534791 0.144411 0.886262 didntLike
0.315734 0.387167 0.126987 largeDoses
0.387782 0.0553442 0.945525 didntLike
0.786552 0.483065 0.0707706 didntLike
0.445564 0.536831 0.240472 largeDoses
0.433644 0.433573 0.00603354 largeDoses
0.129129 0.0270783 0.281924 smallDoses
0.210917 0 0.286919 smallDoses
0.620052 0.428138 0.703704 largeDoses
0.597055 0.0728061 0.365549 didntLike
0.129765 0.13141 0.099565 smallDoses
0.498121 0.441476 0.110481 largeDoses
0.340002 0.504584 0.237713 largeDoses
0.182234 0.332533 0.896003 smallDoses
0.152148 0.0304159 0.751214 smallDoses
0.576326 0.170882 0.0436784 didntLike
0.788842 0.431777 0.862067 didntLike
0.750463 0.284856 0.0128993 didntLike
0.384944 0.116414 0.714481 didntLike
0.289209 0.503827 0.9662 largeDoses
0.0801223 0.365533 0.0326713 smallDoses
1 1 0.379739 didntLike
0.271088 0.0681057 0.494163 didntLike
0.3472 0.322604 0.524721 largeDoses
0.169075 0.109428 0.0671197 smallDoses
0.639773 0.265227 0.236716 didntLike
0.372093 0.289551 0.254674 didntLike
0.344483 0.517635 0.329799 largeDoses
0.340122 0.541038 0.159316 largeDoses
0.328005 0.634117 0.373443 largeDoses
0.108192 0 0.882668 smallDoses
0.564701 0.311536 0.236882 largeDoses
0.130137 0.235876 0.896428 smallDoses
0.758614 0.48528 0.528386 didntLike
0.413879 0.115959 0.919704 didntLike
0.755941 0.46746 0.704892 didntLike
0.738619 0.584146 0.387474 didntLike
0.648878 0.35346 0.562618 didntLike
0.31924 0.407208 0.437563 largeDoses
0.0653205 0.133785 0.390399 smallDoses
0.118841 0.0304947 0.363687 smallDoses
0.772704 0.513902 0.0568114 didntLike
0.105289 0.0298949 0.0825167 smallDoses
0.709235 0.479363 0.166217 didntLike
0.284213 0.469295 0.214264 largeDoses
0.0302718 0.0309201 0.746543 smallDoses
0.609172 0.160001 0.538928 didntLike
0.341043 0.564879 0.113696 largeDoses
0.0567638 0 0.87292 smallDoses
0.766733 0.523232 0.585509 didntLike
0.57454 0.489724 0.16489 largeDoses
0.628335 0.123321 0.677551 didntLike
0.634021 0.125741 0.0576695 didntLike
0.619647 0.561499 1 largeDoses
0.463905 0.387404 0.782077 largeDoses
0.170478 0.593218 0.465744 largeDoses
0.381559 0.581655 0.783145 largeDoses
0.0938832 0.152892 0.175955 smallDoses
0.850449 0.767496 0.318643 didntLike
0.856595 0.341247 0.0928521 didntLike
0.0770874 0.230936 0.448702 smallDoses
0.762723 0.481989 0.810013 didntLike
0.236061 0.481223 0.464667 largeDoses
0.402255 0.388613 0.19403 largeDoses
0.224842 0.144004 0.671021 smallDoses
0.463982 0.177844 0.498606 didntLike
0.0990107 0.036975 0.67701 smallDoses
0.292836 0.524057 0.611539 largeDoses
0.00643126 0.00849075 0.0952914 smallDoses
0.53592 0.147512 0.570565 didntLike
0.107633 0.402822 0.118866 smallDoses
0.0453036 0.0872841 0.66526 smallDoses
0.105902 0.104456 0.595515 smallDoses
0.650061 0.343443 0.743751 didntLike
0.39659 0 0.06809 didntLike
0.382468 0.425527 0.609298 largeDoses
0.520592 0.117188 0.801269 didntLike
0.611429 0.15362 0.254307 didntLike
0.15378 0.190003 0.426576 smallDoses
0.469536 0.458968 0.364784 largeDoses
0.70127 0.399816 0.262155 didntLike
0.651102 0.305052 0.804942 didntLike
0.150428 0 0.827898 smallDoses
0.457309 0.459375 0.848077 largeDoses
0.696219 0.473473 0.581167 didntLike
0.333253 0.343501 0.878175 largeDoses
0.762942 0.261323 0.717329 didntLike
0.708424 0 0.539874 didntLike
0.16306 0.218718 0.315467 smallDoses
0.0872657 0.156653 0.595925 smallDoses
0.751811 0.489816 0.730941 didntLike
0.0957348 0.111941 0.625061 smallDoses
0.0826531 0.153018 0.293731 smallDoses
0.0698673 0.289971 0.070688 smallDoses
0.403646 0.422068 0.527928 largeDoses
0.887952 0.756861 0.924885 didntLike
0.742125 0.646134 0.719443 didntLike
0.355987 0.0317545 0.658419 didntLike
0.430565 0.302358 0.356449 largeDoses
0.846789 0.414807 0.202564 didntLike
0.370701 0.391408 0.568793 largeDoses
0.787637 0.450027 0.22597 didntLike
0.351188 0.439619 0.671107 largeDoses
0.422677 0.487729 0.266299 largeDoses
0.613369 0.101315 0.873784 didntLike
0.796446 0.651793 0.505889 didntLike
0.463434 0.0039888 0.413438 didntLike
0.291817 0.437351 0.619874 largeDoses
0.0939927 0.0924409 0.810472 smallDoses
0.408686 0.67476 0.398405 largeDoses
0.250655 0.427056 0.556077 largeDoses
0.0478126 0.127215 0.557709 smallDoses
0.0546164 0.0472497 0.769536 smallDoses
0.406122 0.0986523 0.663843 didntLike
0.450703 0.10615 0.406996 didntLike
0.742377 0.307125 0.475392 didntLike
0.129622 0.0552672 0.951697 smallDoses
0.378009 0.144972 0.354524 didntLike
0.0447887 0.14708 0.561234 smallDoses
0.166522 0 0.187061 smallDoses
0.18964 0.370493 0.326294 largeDoses
0.469098 0.523828 0.874279 largeDoses
0.479342 0.488639 0.287732 largeDoses
0.639127 0.113196 0.256489 didntLike
0.822138 0.367414 0.814643 didntLike
0.469777 0.548051 0.873741 largeDoses
0.468594 0.529449 0.0522734 largeDoses
0.0969399 0.169412 0.203438 smallDoses
0.343366 0.388343 0.756465 largeDoses
0.453727 0.20707 0.444599 largeDoses
0.139483 0.00577767 0.714609 smallDoses
0.245933 0.292366 0.413352 largeDoses
0.367732 0.357302 0.297831 largeDoses
0.535832 0.421593 0.382525 largeDoses
0.0959977 0.32516 0.362454 smallDoses
0.511608 0.605484 0.549354 largeDoses
0.403745 0.412832 0.235001 largeDoses
0.741063 0.560772 0.760568 didntLike
0.0018735 0.388752 0.0223719 smallDoses
0.292244 0.492204 0.882331 largeDoses
0.0957457 0.362531 0.592913 smallDoses
0.730424 0.467405 0.292276 didntLike
0.753038 0.422267 0.302604 didntLike
0.766875 0.234611 0.895252 didntLike
0.898491 0.399761 0.75827 didntLike
0.274495 0.434274 0.947352 largeDoses
0.362484 0.677083 0.330398 largeDoses
0.453354 0.434081 0.583562 largeDoses
0.431858 0.311805 0.0220685 largeDoses
0.137565 0.176408 0.272153 smallDoses
0.432023 0.170355 0.142156 didntLike
0.416443 0.0509514 0.673064 didntLike
0.759326 0.319503 0.858826 didntLike
0.416333 0.0818799 0.143292 didntLike
0.507499 0.626689 0.75483 largeDoses
0.726316 0.541504 0.460245 didntLike
0.249033 0.217297 0.727176 didntLike
0.065211 0.160994 0.275589 smallDoses
0.792217 0.398015 0.334162 didntLike
0.661072 0.429188 0.850396 didntLike
0.145728 0.270363 0.933097 smallDoses
0.305501 0.423307 0.336131 largeDoses
0.122577 0.317867 0.32052 smallDoses
0.622265 0.189601 0.501224 didntLike
0.0939051 0.0919744 0.98186 smallDoses
0.0538385 0.287046 0.16479 smallDoses
0.118151 0 0.221141 smallDoses
0.430533 0.474346 0.0537288 largeDoses
0.143668 0.114205 0.0697183 smallDoses
0.769165 0.653136 0.0779615 didntLike
0.51289 0.546622 0.188897 largeDoses
0.128154 0.0171262 0.762353 smallDoses
0.484075 0.458851 0.13124 largeDoses
0.0243774 0.304755 0.358179 smallDoses
0.318451 0.55358 0.269863 largeDoses
0.0465088 0.254278 0.942487 smallDoses
0.376661 0.2067 0.945681 didntLike
0.486902 0.112736 0.750754 didntLike
0.0221533 0 0.697344 smallDoses
0.294348 0.613039 0.524832 largeDoses
0.625267 0.0758746 0.859218 didntLike
0.360808 0.406816 0.896814 largeDoses
0.569358 0.498528 0.70031 largeDoses
0.486803 0.39899 0.0242935 largeDoses
0.734785 0.360501 0.476917 didntLike
0.189125 0.121464 0.933762 smallDoses
0.873511 0.452837 0.408034 didntLike
0.156224 0.0168401 0.279116 smallDoses
0.0670735 0 0.347429 smallDoses
0.842297 0.593 0.334076 didntLike
0.125185 0.197271 0.513643 smallDoses
0.0273137 0.00162945 0.197533 smallDoses
0.218137 0.056294 0.0436448 smallDoses
0.119849 0 0.282608 smallDoses
0.194099 0.0475593 0.360005 smallDoses
0.343913 0.528394 0.695815 largeDoses
0.223231 0 0.990682 smallDoses
0.288245 0.119268 0.860757 didntLike
0.366855 0.550535 0 largeDoses
0.503369 0.440416 0.47014 largeDoses
0.0465526 0.254925 0.0638187 smallDoses
0.066712 0 0.996609 smallDoses
0.0823135 0 0.663906 smallDoses
0.30526 0.604228 0.997277 largeDoses
0.427706 0.128739 0.776908 didntLike
0.210555 0.159133 0.157649 smallDoses
0.689262 0.343852 0.658832 didntLike
0.851928 0.316239 0.897008 didntLike
0.306115 0.382448 0.49233 largeDoses
0.0240378 0.192049 0.301558 smallDoses
0.406166 0.633187 0.546701 largeDoses
0.170751 0.285411 0.479513 smallDoses
0.280225 0.557796 0.522761 largeDoses
0.0961621 0.20475 0.750473 smallDoses
0.317903 0.513542 0.572632 largeDoses
0.240049 0.589247 0.939264 largeDoses
0.14151 0 0.202711 smallDoses
0.120255 0 0.543975 smallDoses
0.866247 0.506808 0.337903 didntLike
0.402737 0.519225 0.681023 largeDoses
0.547928 0.0587539 0.966461 didntLike
0.0126543 0.0196178 0.774478 smallDoses
0.78446 0.695658 0.362972 didntLike
0.337635 0.677748 0.363061 largeDoses
0.597756 0.67575 0.213197 didntLike
0.326099 0.00447117 0.711795 didntLike
0.757069 0.522436 0.23723 didntLike
0.518488 0.546524 0.486793 largeDoses
0.801979 0.436654 0.34567 didntLike
0.487121 0.242428 0.83823 didntLike
0.499786 0.54783 0.909247 largeDoses
0.309193 0.555468 0.650627 largeDoses
0.07769 0.192266 0.121669 smallDoses
0.066942 0.146173 0.962077 smallDoses
0.865711 0.372008 0.237983 didntLike
0.200377 0.381548 0.548073 largeDoses
0.478553 0.219957 0.157682 didntLike
0.241857 0.124075 0.657604 didntLike
0.257853 0.480372 0.23011 largeDoses
0.277201 0.156097 0.927674 smallDoses
0.353401 0.563129 0.891108 largeDoses
0.40484 0.14704 0.168281 didntLike
0.342818 0.0858204 0.114018 didntLike
0.426775 0.530943 0.118782 largeDoses
0.386281 0.286549 0.471485 didntLike
0.283183 0.463975 0.5967 largeDoses
0.358047 0.505895 0.492734 largeDoses
0.679478 0.336448 0.860397 didntLike
0.099416 0.00113632 0.00835595 smallDoses
0.361597 0.61302 0.398507 largeDoses
0.488512 0.172939 0.290568 didntLike
0.356787 0.398993 0.148824 largeDoses
0.422502 0.291802 0.057869 didntLike
0.829029 0.774774 0.344565 didntLike
0.0993613 0.306031 0.997849 smallDoses
0.585003 0.109884 0.329682 didntLike
0.313685 0.366241 0.0323573 largeDoses
0.778281 0.303719 0.970363 didntLike
0.779442 0.499192 0.197546 didntLike
0.412532 0.1833 0.793789 didntLike
0.841859 0.525761 0.344318 didntLike
0.108641 0.128873 0.891755 smallDoses
0.426073 0.160457 0.190676 didntLike
0.428111 0.701639 0.467449 largeDoses
0.526673 0.0741865 0.0765752 didntLike
0.0797059 0.117821 0.131227 smallDoses
0.458011 0.0732918 0.593926 didntLike
0.390751 0.596286 0.0954661 largeDoses
0.744536 0.310315 0.0185439 didntLike
0.458975 0.502228 0.89095 largeDoses
0.42558 0.209394 0.441081 didntLike
0.812913 0.653509 0.99553 didntLike
0.155588 0.397603 0.229734 smallDoses
0.0428166 0 0.32761 smallDoses
0.0269412 0 0.170602 smallDoses
0.350892 0.482606 0.700554 largeDoses
0.141006 0.0411435 0.874357 smallDoses
0.108247 0.0744557 0.419109 smallDoses
0.797432 0.481505 0.445521 didntLike
0.191963 0 0.253967 smallDoses
0.550908 0.34135 0.520938 largeDoses
0.367425 0.544211 0.848196 largeDoses
0.103557 0.153665 0.638813 smallDoses
0.410384 0.560278 0.177341 largeDoses
0.194187 0.304717 0.870398 largeDoses
0.480635 0.27485 0.116692 largeDoses
0.00289242 0.185083 0.32546 smallDoses
0.281967 0.398498 0.374821 largeDoses
0.433688 0.464185 0.886812 largeDoses
0.342336 0.0732628 0.845594 didntLike
0.543063 0.467786 0.58043 largeDoses
0.0772627 0.125894 0.647271 smallDoses
0.388866 0.441645 0.291287 largeDoses
0.120364 0.0576335 0.824881 smallDoses
0.542417 0.149379 0.985011 didntLike
0.0628225 0.379337 0.9348 smallDoses
0.717397 0.609323 0.920227 didntLike
0.846559 0.513045 0.321162 didntLike
0.312141 0.19013 0.451466 didntLike
0.148412 0.200505 0.265296 smallDoses
0.407196 0.459397 0.0836634 largeDoses
0.179473 0.229336 0.743229 smallDoses
0.118852 0.0772146 0.0542069 smallDoses
0.387902 0.220598 0.605508 didntLike
0.174389 0 0.80772 smallDoses
0.0671721 0.0290858 0.301626 smallDoses
0.738795 0.313501 0.393318 didntLike
0.332563 0.588695 0.115626 largeDoses
0.763599 0.335334 0.88143 didntLike
0.366823 0.421729 0.704113 largeDoses
0.471936 0.482175 0.335996 largeDoses
0.420091 0.346168 0.979998 largeDoses
0.15687 0.220007 0.891553 smallDoses
0.0588016 0.355409 0.0464104 smallDoses
0.415172 0.500377 0.940922 largeDoses
0.396306 0.475547 0.00147961 largeDoses
0.439593 0.11848 0.925323 didntLike
0.120255 0.283878 0.517826 smallDoses
0.139198 0 0.558823 smallDoses
0.136897 0.265743 0.800756 smallDoses
0.390926 0.46735 0.315641 largeDoses
0.506196 0.147808 0.289047 didntLike
0.12605 0 0.957385 smallDoses
0.250173 0.213176 0.317353 didntLike
0.546722 0.398402 0.97113 largeDoses
0.788097 0.536664 0.226357 didntLike
0.145487 0.186657 0.942029 smallDoses
0.538078 0.336445 0.714236 largeDoses
0.845036 0.470192 0.621582 didntLike
0.410275 0.0951739 0.222458 didntLike
0.68363 0.430477 0.285789 didntLike
0 0.0847306 0.613044 smallDoses
0.169557 0.0219258 0.483016 smallDoses
0.445093 0.478214 0.136041 largeDoses
0.402156 0.0248959 0.870447 didntLike
0.313127 0.510447 0.844378 largeDoses
0.283348 0.211574 0.804248 didntLike
0.695584 0.575322 0.489899 didntLike
0.371895 0.50703 0.739336 largeDoses
0.329769 0.0749857 0.403166 didntLike
0.150373 0.121678 0.0136423 smallDoses
0.402835 0.490649 0.579237 largeDoses
0.70838 0.471634 0.403729 didntLike
0.163542 0.00682163 0.0332273 smallDoses
0.473645 0.471012 0.897256 largeDoses
0.724059 0.315335 0.975246 didntLike
0.216997 0.124396 0.779247 smallDoses
0.450089 0.49771 0.391305 largeDoses
0.112596 0.338608 0.366765 smallDoses
0.0768464 0.0994327 0.73968 smallDoses
0.189267 0.0249933 0.956881 smallDoses
0.346214 0.495331 0.911064 largeDoses
0.656886 0.163149 0.610409 didntLike
0.462141 0.324893 0.655703 largeDoses
0.566904 0.19561 0.0440567 didntLike
0.0569062 0.132117 0.922571 smallDoses
0.3378 0.599801 0.82703 largeDoses
0.0873862 0.27286 0.941355 smallDoses
0.159982 0.217886 0.221116 smallDoses
0.455458 0.556533 0.258149 largeDoses
0.602895 0.154041 0.0709666 didntLike
0.063951 0.226401 0.0169474 smallDoses
0.436142 0.518158 0.49291 largeDoses
0.229465 0.200522 0.138298 smallDoses
0.242635 0.713993 0.523753 largeDoses
0.46201 0.15826 0.897506 didntLike
0.0768026 0.142066 0.0195738 smallDoses
0.04171 0.442732 0.316728 smallDoses
0.320369 0.37247 0.655268 largeDoses
0.577345 0.0707704 0.606479 didntLike
0.466129 0.175784 0.143423 didntLike
0.267735 0.105308 0.808118 didntLike
0.175704 0.277099 0.551675 smallDoses
0.0930505 0.146435 0.0843581 smallDoses
0.745894 0.536971 0.28998 didntLike
0.646588 0.0939594 0.00268007 didntLike
0.129392 0.411902 0.0804215 smallDoses
0.75192 0.315975 0.638795 didntLike
0.0835844 0.0818687 0.640443 smallDoses
0.788755 0.483641 0.766167 didntLike
0.14679 0 0.650996 smallDoses
0.2875 0.46965 0.794202 largeDoses
0.122271 0.079022 0.578267 smallDoses
0.840347 0.868996 0.869068 didntLike
0.352503 0.324156 0.521839 largeDoses
0.493498 0.392304 0.913658 largeDoses
0.462053 0.481939 0.811863 largeDoses
0.76475 0.300618 0.0658909 didntLike
0.457277 0.176676 0.910333 didntLike
0.514709 0.321528 0.630458 largeDoses
0.868461 0.62 0.924872 didntLike
0.0505626 0.127221 0.903454 smallDoses
0.360534 0.338097 0.658791 largeDoses
0.410242 0.436121 0.777775 largeDoses
0.00623405 0.17897 0.612851 smallDoses
0.0955704 0.11192 0.128783 smallDoses
0.0659998 0.0259049 0.348917 smallDoses
0.57248 0.110464 0.847279 didntLike
0.0915714 0.297648 0.84171 smallDoses
0.286678 0.347902 0.288071 largeDoses
0.202371 0 0.229174 smallDoses
0.0370975 0.34505 0.647838 smallDoses
0.455162 0.41957 0.655296 largeDoses
0.11482 0.134489 0.482933 smallDoses
0.0645755 0.108453 0.832747 smallDoses
0.079684 0.300374 0.33649 smallDoses
0.244015 0.35948 0.959484 largeDoses
0.343683 0.561166 0.0153344 largeDoses
0.117318 0.179111 0.517124 smallDoses
0.759962 0.577926 0.307181 didntLike
0.413704 0.58847 0.152378 largeDoses
0.142474 0 0.395547 smallDoses
0.415073 0.130444 0.194968 didntLike
0.5758 0.516954 0.35795 largeDoses
0.427257 0.581771 0.497562 largeDoses
0.763621 0.3202 0.141014 didntLike
0.129096 0.173651 0.969288 smallDoses
0.521907 0.480894 0.525983 largeDoses
0.172494 0.0902358 0.445599 smallDoses
0.756609 0.393374 0.114928 didntLike
0.362177 0.373677 0.28031 largeDoses
0.314233 0.586884 0.0446475 largeDoses
0.372969 0.480672 0.657842 largeDoses
0.327895 0.171898 0.876316 didntLike
0.106647 0.131722 0.837778 smallDoses
0.0804619 0.371952 0.302115 smallDoses
0.080933 0.00447935 0.230575 smallDoses
0.372038 0.405441 0.306264 largeDoses
0.10886 0.184785 0.0642756 smallDoses
0.395451 0.462907 0.459659 largeDoses
0.436438 0.507533 0.801963 largeDoses
0.706518 0.344333 0.958241 didntLike
0 0.363368 0.716759 smallDoses
0.433195 0.0662596 0.835663 didntLike
0.733755 0.436402 0.349945 didntLike
0.16466 0.0651764 0.365734 smallDoses
0.492029 0.152079 0.211391 didntLike
0.418338 0.638902 0.127396 largeDoses
0.409453 0.20114 0.760529 didntLike
0 0.195436 0.51283 smallDoses
0.194866 0.159057 0.673616 smallDoses
0.427892 0.0623023 0.72859 didntLike
0.40587 0.382387 0.932863 largeDoses
0.0705028 0.106002 0.509561 smallDoses
0.791746 0.370557 0.112901 didntLike
0.308437 0.676374 0.938629 largeDoses
0.284104 0.419025 0.0895039 largeDoses
0.0825874 0.162959 0.108442 smallDoses
0.0144073 0.0598021 0.06562 smallDoses
0.134673 0.294494 0.906542 smallDoses
0.539568 0.0494536 0.934869 didntLike
0.0988792 0 0.609952 smallDoses
0.147229 0.112578 0.319558 smallDoses
0.763457 0.316193 0.0900723 didntLike
0.278001 0.489741 0.855631 largeDoses
0.60548 0.165735 0.725857 didntLike
0.419883 0.357931 0.927274 largeDoses
0.763019 0.221045 0.69881 didntLike
0.482706 0.43003 0.847118 largeDoses
0.452664 0.552812 0.00356418 largeDoses
0.319032 0.164486 0.0455481 didntLike
0.565951 0.0800026 0.431779 didntLike
0.0331971 0.225597 0.412308 smallDoses
0.39108 0.492596 0.92975 largeDoses
0.0168396 0.09976 0.707143 smallDoses
0.0995146 0.302984 0.667006 smallDoses
0.52309 0.394607 0.418764 largeDoses
0.781962 0.76805 0.57425 didntLike
0.416114 0.0823735 0.182566 didntLike
0.464376 0.180935 0.51686 didntLike
0.248562 0.122258 0.072347 didntLike
0.432899 0.470962 0.64568 largeDoses
0.130214 0.175873 0.918369 smallDoses
0.0541672 0.467973 0.502735 smallDoses
0.802318 0.71508 0.310177 didntLike
0.192664 0.534536 0.759757 largeDoses
0.753092 0.359884 0.977555 didntLike
0.151392 0.251146 0.81296 smallDoses
0.346893 0.666691 0.841321 largeDoses
0.949744 0.743678 0.843311 didntLike
0.473459 0.596747 0.405673 largeDoses
0.263944 0.110773 0.832161 didntLike
0.57568 0.481359 0.451476 largeDoses
0.677758 0.276884 0.952764 didntLike
0.524832 0.197828 0.280246 didntLike
0.407459 0.618065 0.17896 largeDoses
0.0658793 0.448304 0.180738 smallDoses
0.298259 0.399695 0.969125 largeDoses
0.75627 0.379525 0.781348 didntLike
0.861613 0.51318 0.415869 didntLike
0.331467 0.554163 0.168224 largeDoses
0.237792 0.482728 0.415255 largeDoses
0.383301 0.444518 0.321172 largeDoses
0.343103 0.533396 0.128019 largeDoses
0.836699 0.771721 0.328874 didntLike
0.306257 0.524476 0.720408 largeDoses
0.00166533 0 0.401521 smallDoses
0.100205 0.151963 0.762256 smallDoses
0.825502 0.842538 0.19994 didntLike
0.288979 0.0954061 0.157387 didntLike
0.386259 0.508642 0.244945 largeDoses
0.210336 0.46026 0.580931 largeDoses
0.137149 0.222888 0.291701 smallDoses
0.278867 0.275059 0.815402 smallDoses
0.13728 0 0.021241 smallDoses
0.681801 0.446206 0.116246 didntLike
0.10427 0.183857 0.365219 smallDoses
0.77965 0.510775 0.399574 didntLike
0.0174531 0.227165 0.211318 smallDoses
0.370252 0.0333486 0.569908 didntLike
0.435068 0.495514 0.297895 largeDoses
0.185608 0.0220599 0.207576 smallDoses
0.758264 0.54206 0.630081 didntLike
0.048711 0.259104 0.0744552 smallDoses
0.102407 0.165873 0.955399 smallDoses
0.609545 0.407138 0.586476 largeDoses
0.721889 0.397073 0.243475 didntLike
0.117811 0.125658 0.261552 smallDoses
0.0772956 0 0.473234 smallDoses
0.0866083 0 0.690078 smallDoses
0.585573 0.3489 0.933207 largeDoses
0.100731 0.350456 0.753577 smallDoses
0.678339 0.448975 0.088801 didntLike
0.171245 0.264884 0.696097 smallDoses
0.867661 0.724184 0.31657 didntLike
0.13441 0.263641 0.147198 smallDoses
0.369025 0.369462 0.542587 largeDoses
0.285736 0.541068 0.891087 largeDoses
0.20947 0.170881 0.903207 smallDoses
0.338567 0.351395 0.0148587 largeDoses
0.690664 0.340468 0.961437 didntLike
0.560253 0.0874029 0.597598 didntLike
0.386335 0.483667 0.68209 largeDoses
0.46866 0.540643 0.0502461 largeDoses
0.703286 0.398771 0.818841 didntLike
0.169119 0.0115546 0.421646 smallDoses
0.15779 0.501097 0.999678 smallDoses
0.0694729 0.444063 0.842632 smallDoses
0.154624 0.204089 0.0785104 smallDoses
0.0700098 0 0.111133 smallDoses
0.0963483 0.0390604 0.0841096 smallDoses
0.475847 0.0721052 0.384508 didntLike
0.419993 0.447429 0.0301624 largeDoses
0.373254 0.480528 0.324174 largeDoses
0.337657 0.531167 0.583112 largeDoses
0.243654 0.538543 0.426649 largeDoses
0.314715 0.496374 0.14972 largeDoses
0.625278 0.185406 0.812594 didntLike
0.793444 0.653904 0.0142768 didntLike
0.309993 0.503211 0.460594 largeDoses
0.108422 0 0.544773 smallDoses
0.721144 0.196312 0.640072 didntLike
0.0837597 0.388103 0.867306 smallDoses
0.781052 0.372711 0.0302061 didntLike
0.0561831 0.133354 0.64444 smallDoses
0.15022 0.297665 0.168851 smallDoses
0.243665 0.486131 0.979099 largeDoses
0.16535 0 0.808206 smallDoses
0.054967 0.359158 0.0803796 smallDoses
0.111106 0.393932 0.0581806 smallDoses
0.38971 0.69853 0.735519 largeDoses
0.513766 0.17032 0.262181 didntLike
0.0895993 0.154426 0.785277 smallDoses
0.611167 0.172689 0.915245 didntLike
0.0125777 0 0.195477 smallDoses
0.110241 0.187926 0.287082 smallDoses
0.812113 0.705201 0.681085 didntLike
0.729712 0.490545 0.960202 didntLike
0.130301 0.133239 0.926158 smallDoses
0.557755 0.722409 0.780811 largeDoses
0.437051 0.247835 0.131156 largeDoses
0.722174 0.184918 0.0749085 didntLike
0.719578 0.16769 0.0163767 didntLike
0.690193 0.526749 0.251657 didntLike
0.403745 0.182242 0.386039 didntLike
0.401751 0.528543 0.222839 largeDoses
0.425931 0.421948 0.590885 largeDoses
0.294479 0.53414 0.871767 largeDoses
0.506678 0.550039 0.248375 largeDoses
0.139811 0.372772 0.0866173 largeDoses
0.386555 0.48544 0.807905 largeDoses
0.74837 0.508872 0.408589 didntLike
0.342511 0.461926 0.897321 largeDoses
0.38077 0.51581 0.774052 largeDoses
0.1469 0.134351 0.129138 smallDoses
0.332683 0.469709 0.818801 largeDoses
0.117329 0.0679426 0.399234 smallDoses
0.266585 0.531719 0.476847 largeDoses
0.498691 0.640661 0.389745 largeDoses
0.067687 0.057949 0.493195 smallDoses
0.116562 0.0749759 0.765075 smallDoses
0.324444 0.159827 0.773808 didntLike
0.24533 0.258142 0.113517 didntLike
0.560144 0.182547 0.348066 didntLike
0.587731 0.381171 0.180722 largeDoses
0.563332 0.433992 0.433036 largeDoses
0.272359 0.00733613 0.451771 didntLike
0.676345 0.397965 0.0161258 didntLike
0.779289 0.339021 0.717425 didntLike
0.29884 0.248214 0.64523 largeDoses
0.333647 0.494317 0.641283 largeDoses
0.204551 0.0992942 0.601182 smallDoses
0.773504 0.485291 0.585441 didntLike
0.138957 0.00223841 0.477146 smallDoses
0.893988 0.536435 0.822646 didntLike
0.766481 0.693041 0.600874 didntLike
0.0890077 0.169915 0.314163 smallDoses
0.20671 0.168393 0.0505022 smallDoses
0.886199 0.694651 0.223693 didntLike
0.612394 0.144724 0.521908 didntLike
0.346072 0.0882421 0.287913 didntLike
0.116037 0.488838 0.474071 largeDoses
0.767982 0.5242 0.714825 didntLike
0.58233 0.101816 0.871256 didntLike
0.131386 0 0.947669 smallDoses
0.362802 0.453599 0.487888 largeDoses
0.0812179 0 0.601785 smallDoses
0.115949 0 0.748961 smallDoses
0.642775 0.313426 0.0318864 didntLike
0.383662 0.476095 0.0347411 largeDoses
0.776166 0.355463 0.872718 didntLike
0.153507 0.0193547 0.270521 smallDoses
0.383629 0.475777 0.973301 largeDoses
0.776122 0.745733 0.0122636 didntLike
0.0331314 0.130207 0.227991 smallDoses
0.0605436 0.0245641 0.780407 smallDoses
0.0560188 0 0.507981 smallDoses
0.228447 0.348032 0.848293 smallDoses
0.449191 0.437967 0.654538 largeDoses
0.173359 0.0474071 0.430736 smallDoses
0.388198 0.353662 0.403138 largeDoses
0.588465 0.58079 0.819148 largeDoses
0.705258 0.437379 0.515681 didntLike
0.101772 0.462088 0.808077 smallDoses
0.664085 0.173051 0.169156 didntLike
0.200914 0.250428 0.739211 smallDoses
0.250293 0.703453 0.886825 largeDoses
0.818161 0.690544 0.714136 didntLike
0.374076 0.650571 0.21429 largeDoses
0.155062 0.150176 0.249725 smallDoses
0.102188 0 0.0706998 smallDoses
0.208068 0.0217382 0.609152 smallDoses
0.10072 0.0243942 0.00899395 smallDoses
0.0250348 0.184718 0.363083 smallDoses
0.104007 0.321426 0.331622 smallDoses
0.025977 0.205043 0.00673233 smallDoses
0.152981 0 0.847443 smallDoses
0.0251882 0.178477 0.411431 smallDoses
0.0576512 0.095729 0.813893 smallDoses
0.0510447 0.119632 0.108045 smallDoses
0.192631 0.305083 0.51667 smallDoses
0.304033 0.408557 0.0752791 largeDoses
0.108115 0.128827 0.254764 smallDoses
0.200859 0.18888 0.196029 smallDoses
0.0414142 0.471152 0.193598 smallDoses
0.199292 0.0989018 0.253058 smallDoses
0.122106 0.163037 0.372224 smallDoses
0.754287 0.476818 0.394621 didntLike
0.291159 0.509103 0.510795 largeDoses
0.527111 0.436655 0.429005 largeDoses
0.479408 0.376809 0.785718 largeDoses
